10	6
          44      DJ.GUN          45         100          88          84          79          99         495          83
          11 GabenNewell         100          65          52          40         100          44         401          67
          55     Karasu_          55          65          78          89          99          45         431          72
          22     Mr.quin          45          87          84          86          44          36         382          64
           9huangjianhao          95          99          85          98          95          94         566          94
          17       lixin          99         100         100         100          95          98         592          99
          19     lizhong          95         100          99          98          98          99         589          98
          10        otto          56          75          44          65          45          68         353          59
          51 zhongkailin          90          85          79          89          69          87         499          83
          52  zhouzhihao          85          95          75          85          99          56         495          83
